-50.0000000 3.95392292e-21
-49.9500008 4.14729982e-21
-49.9000015 4.35013557e-21
-49.8499985 4.56289022e-21
-49.7999992 4.78605087e-21
-49.7500000 5.02012561e-21
-49.7000008 5.26564841e-21
-49.6500015 5.52317946e-21
-49.5999985 5.79330563e-21
-49.5499992 6.07664286e-21
-49.5000000 6.37383738e-21
-49.4500008 6.68556734e-21
-49.4000015 7.01254320e-21
-49.3499985 7.35551053e-21
-49.2999992 7.71525332e-21
-49.2500000 8.09258743e-21
-49.2000008 8.48837800e-21
-49.1500015 8.90352412e-21
-49.0999985 9.33897574e-21
-49.0499992 9.79572404e-21
-49.0000000 1.02748119e-20
-48.9500008 1.07773305e-20
-48.9000015 1.13044239e-20
-48.8499985 1.18572972e-20
-48.7999992 1.24372106e-20
-48.7500000 1.30454856e-20
-48.7000008 1.36835125e-20
-48.6500015 1.43527404e-20
-48.5999985 1.50547017e-20
-48.5499992 1.57909910e-20
-48.5000000 1.65632917e-20
-48.4500008 1.73733633e-20
-48.4000015 1.82230539e-20
-48.3499985 1.91143038e-20
-48.2999992 2.00491407e-20
-48.2500000 2.10296987e-20
-48.2000008 2.20582154e-20
-48.1500015 2.31370318e-20
-48.0999985 2.42686116e-20
-48.0499992 2.54555366e-20
-48.0000000 2.67005081e-20
-47.9500008 2.80063678e-20
-47.9000015 2.93760981e-20
-47.8499985 3.08128171e-20
-47.7999992 3.23198077e-20
-47.7500000 3.39004949e-20
-47.7000008 3.55584880e-20
-47.6500015 3.72975706e-20
-47.5999985 3.91217074e-20
-47.5499992 4.10350666e-20
-47.5000000 4.30420007e-20
-47.4500008 4.51470849e-20
-47.4000015 4.73551207e-20
-47.3499985 4.96711521e-20
-47.2999992 5.21004523e-20
-47.2500000 5.46485660e-20
-47.2000008 5.73213029e-20
-47.1500015 6.01247602e-20
-47.0999985 6.30653227e-20
-47.0499992 6.61497047e-20
-47.0000000 6.93849373e-20
-46.9500008 7.27783941e-20
-46.9000015 7.63378169e-20
-46.8499985 8.00713289e-20
-46.7999992 8.39874410e-20
-46.7500000 8.80950777e-20
-46.7000008 9.24036095e-20
-46.6500015 9.69228591e-20
-46.5999985 1.01663134e-19
-46.5499992 1.06635245e-19
-46.5000000 1.11850535e-19
-46.4500008 1.17320900e-19
-46.4000015 1.23058794e-19
-46.3499985 1.29077308e-19
-46.2999992 1.35390170e-19
-46.2500000 1.42011802e-19
-46.2000008 1.48957276e-19
-46.1500015 1.56242449e-19
-46.0999985 1.63883918e-19
-46.0499992 1.71899091e-19
-46.0000000 1.80306271e-19
-45.9500008 1.89124662e-19
-45.9000015 1.98374325e-19
-45.8499985 2.08076378e-19
-45.7999992 2.18252897e-19
-45.7500000 2.28927146e-19
-45.7000008 2.40123475e-19
-45.6500015 2.51867346e-19
-45.5999985 2.64185590e-19
-45.5499992 2.77106307e-19
-45.5000000 2.90658937e-19
-45.4500008 3.04874398e-19
-45.4000015 3.19785078e-19
-45.3499985 3.35425047e-19
-45.2999992 3.51829926e-19
-45.2500000 3.69037118e-19
-45.2000008 3.87085888e-19
-45.1500015 4.06017364e-19
-45.0999985 4.25874791e-19
-45.0499992 4.46703380e-19
-45.0000000 4.68550616e-19
-44.9500008 4.91466414e-19
-44.9000015 5.15502939e-19
-44.8499985 5.40714990e-19
-44.7999992 5.67160161e-19
-44.7500000 5.94898577e-19
-44.7000008 6.23993725e-19
-44.6500015 6.54511881e-19
-44.5999985 6.86522530e-19
-44.5499992 7.20098722e-19
-44.5000000 7.55317125e-19
-44.4500008 7.92257978e-19
-44.4000015 8.31005599e-19
-44.3499985 8.71648188e-19
-44.2999992 9.14278492e-19
-44.2500000 9.58993808e-19
-44.2000008 1.00589588e-18
-44.1500015 1.05509193e-18
-44.0999985 1.10669404e-18
-44.0499992 1.16081998e-18
-44.0000000 1.21759321e-18
-43.9500008 1.27714288e-18
-43.9000015 1.33960504e-18
-43.8499985 1.40512199e-18
-43.7999992 1.47384333e-18
-43.7500000 1.54592560e-18
-43.7000008 1.62153322e-18
-43.6500015 1.70083875e-18
-43.5999985 1.78402282e-18
-43.5499992 1.87127528e-18
-43.5000000 1.96279475e-18
-43.4500008 2.05879092e-18
-43.4000015 2.15948175e-18
-43.3499985 2.26509721e-18
-43.2999992 2.37587779e-18
-43.2500000 2.49207660e-18
-43.2000008 2.61395856e-18
-43.1500015 2.74180140e-18
-43.0999985 2.87589689e-18
-43.0499992 3.01655047e-18
-43.0000000 3.16408289e-18
-42.9500008 3.31883122e-18
-42.9000015 3.48114742e-18
-42.8499985 3.65140270e-18
-42.7999992 3.82998479e-18
-42.7500000 4.01730067e-18
-42.7000008 4.21377757e-18
-42.6500015 4.41986341e-18
-42.5999985 4.63602887e-18
-42.5499992 4.86276569e-18
-42.5000000 5.10059211e-18
-42.4500008 5.35005117e-18
-42.4000015 5.61170949e-18
-42.3499985 5.88616595e-18
-42.2999992 6.17404466e-18
-42.2500000 6.47600405e-18
-42.2000008 6.79273068e-18
-42.1500015 7.12494750e-18
-42.0999985 7.47341223e-18
-42.0499992 7.83892018e-18
-42.0000000 8.22230350e-18
-41.9500008 8.62443736e-18
-41.9000015 9.04623908e-18
-41.8499985 9.48867070e-18
-41.7999992 9.95274053e-18
-41.7500000 1.04395057e-17
-41.7000008 1.09500796e-17
-41.6500015 1.14856228e-17
-41.5999985 1.20473595e-17
-41.5499992 1.26365694e-17
-41.5000000 1.32545949e-17
-41.4500008 1.39028464e-17
-41.4000015 1.45828021e-17
-41.3499985 1.52960154e-17
-41.2999992 1.60441060e-17
-41.2500000 1.68287861e-17
-41.2000008 1.76518440e-17
-41.1500015 1.85151542e-17
-41.0999985 1.94206870e-17
-41.0499992 2.03705088e-17
-41.0000000 2.13667849e-17
-40.9500008 2.24117854e-17
-40.9000015 2.35078973e-17
-40.8499985 2.46576138e-17
-40.7999992 2.58635604e-17
-40.7500000 2.71284900e-17
-40.7000008 2.84552811e-17
-40.6500015 2.98469661e-17
-40.5999985 3.13067149e-17
-40.5499992 3.28378593e-17
-40.5000000 3.44438834e-17
-40.4500008 3.61284566e-17
-40.4000015 3.78954170e-17
-40.3499985 3.97487879e-17
-40.2999992 4.16928145e-17
-40.2500000 4.37319173e-17
-40.2000008 4.58707483e-17
-40.1500015 4.81141846e-17
-40.0999985 5.04673447e-17
-40.0499992 5.29355854e-17
-40.0000000 5.55245449e-17
-39.9500008 5.82401260e-17
-39.9000015 6.10885191e-17
-39.8499985 6.40762227e-17
-39.7999992 6.72100394e-17
-39.7500000 7.04971294e-17
-39.7000008 7.39449771e-17
-39.6500015 7.75614504e-17
-39.5999985 8.13548014e-17
-39.5499992 8.53336791e-17
-39.5000000 8.95071494e-17
-39.4500008 9.38847481e-17
-39.4000015 9.84764409e-17
-39.3499985 1.03292697e-16
-39.2999992 1.08344520e-16
-39.2500000 1.13643406e-16
-39.2000008 1.19201438e-16
-39.1500015 1.25031314e-16
-39.0999985 1.31146323e-16
-39.0499992 1.37560361e-16
-39.0000000 1.44288145e-16
-38.9500008 1.51344935e-16
-38.9000015 1.58746852e-16
-38.8499985 1.66510796e-16
-38.7999992 1.74654448e-16
-38.7500000 1.83196392e-16
-38.7000008 1.92156121e-16
-38.6500015 2.01554031e-16
-38.5999985 2.11411589e-16
-38.5499992 2.21751240e-16
-38.5000000 2.32596597e-16
-38.4500008 2.43972356e-16
-38.4000015 2.55904482e-16
-38.3499985 2.68420188e-16
-38.2999992 2.81548008e-16
-38.2500000 2.95317905e-16
-38.2000008 3.09761246e-16
-38.1500015 3.24910959e-16
-38.0999985 3.40801589e-16
-38.0499992 3.57469424e-16
-38.0000000 3.74952422e-16
-37.9500008 3.93290473e-16
-37.9000015 4.12525454e-16
-37.8499985 4.32701143e-16
-37.7999992 4.53863599e-16
-37.7500000 4.76061051e-16
-37.7000008 4.99344134e-16
-37.6500015 5.23765946e-16
-37.5999985 5.49382129e-16
-37.5499992 5.76251178e-16
-37.5000000 6.04434347e-16
-37.4500008 6.33995744e-16
-37.4000015 6.65003026e-16
-37.3499985 6.97526920e-16
-37.2999992 7.31641331e-16
-37.2500000 7.67424238e-16
-37.2000008 8.04957221e-16
-37.1500015 8.44325830e-16
-37.0999985 8.85619851e-16
-37.0499992 9.28933516e-16
-37.0000000 9.74365610e-16
-36.9500008 1.02201958e-15
-36.9000015 1.07200426e-15
-36.8499985 1.12443359e-15
-36.7999992 1.17942710e-15
-36.7500000 1.23711015e-15
-36.7000008 1.29761435e-15
-36.6500015 1.36107766e-15
-36.5999985 1.42764481e-15
-36.5499992 1.49746775e-15
-36.5000000 1.57070550e-15
-36.4500008 1.64752514e-15
-36.4000015 1.72810180e-15
-36.3499985 1.81261938e-15
-36.2999992 1.90127048e-15
-36.2500000 1.99425755e-15
-36.2000008 2.09179170e-15
-36.1500015 2.19409634e-15
-36.0999985 2.30140482e-15
-36.0499992 2.41396110e-15
-36.0000000 2.53202288e-15
-35.9500008 2.65585804e-15
-35.9000015 2.78575012e-15
-35.8499985 2.92199474e-15
-35.7999992 3.06490253e-15
-35.7500000 3.21479984e-15
-35.7000008 3.37202800e-15
-35.6500015 3.53694637e-15
-35.5999985 3.70993062e-15
-35.5499992 3.89137482e-15
-35.5000000 4.08169338e-15
-35.4500008 4.28131956e-15
-35.4000015 4.49070949e-15
-35.3499985 4.71033963e-15
-35.2999992 4.94071184e-15
-35.2500000 5.18235086e-15
-35.2000008 5.43580726e-15
-35.1500015 5.70166083e-15
-35.0999985 5.98051593e-15
-35.0499992 6.27300912e-15
-35.0000000 6.57980784e-15
-34.9500008 6.90161175e-15
-34.9000015 7.23915438e-15
-34.8499985 7.59320483e-15
-34.7999992 7.96457203e-15
-34.7500000 8.35410131e-15
-34.7000008 8.76268120e-15
-34.6500015 9.19124514e-15
-34.5999985 9.64076892e-15
-34.5499992 1.01122766e-14
-34.5000000 1.06068447e-14
-34.4500008 1.11256024e-14
-34.4000015 1.16697288e-14
-34.3499985 1.22404689e-14
-34.2999992 1.28391221e-14
-34.2500000 1.34670531e-14
-34.2000008 1.41256966e-14
-34.1500015 1.48165527e-14
-34.0999985 1.55411962e-14
-34.0499992 1.63012812e-14
-34.0000000 1.70985374e-14
-33.9499969 1.79347876e-14
-33.9000015 1.88119377e-14
-33.8499985 1.97319883e-14
-33.7999992 2.06970349e-14
-33.7500000 2.17092799e-14
-33.6999969 2.27710307e-14
-33.6500015 2.38847079e-14
-33.5999985 2.50528578e-14
-33.5499992 2.62781333e-14
-33.5000000 2.75633381e-14
-33.4499969 2.89113961e-14
-33.4000015 3.03253855e-14
-33.3499985 3.18085368e-14
-33.2999992 3.33642212e-14
-33.2500000 3.49959895e-14
-33.1999969 3.67075619e-14
-33.1500015 3.85028415e-14
-33.0999985 4.03859346e-14
-33.0499992 4.23611138e-14
-33.0000000 4.44329022e-14
-32.9499969 4.66060194e-14
-32.9000015 4.88854122e-14
-32.8499985 5.12762880e-14
-32.7999992 5.37840985e-14
-32.7500000 5.64145559e-14
-32.6999969 5.91736607e-14
-32.6500015 6.20677080e-14
-32.5999985 6.51033047e-14
-32.5499992 6.82873625e-14
-32.5000000 7.16271457e-14
-32.4499969 7.51302639e-14
-32.4000015 7.88047131e-14
-32.3499985 8.26588757e-14
-32.2999992 8.67015335e-14
-32.2500000 9.09419160e-14
-32.1999969 9.53896792e-14
-32.1500015 1.00054974e-13
-32.0999985 1.04948432e-13
-32.0499992 1.10081222e-13
-32.0000000 1.15465038e-13
-31.9499989 1.21112172e-13
-31.8999996 1.27035481e-13
-31.8500004 1.33248488e-13
-31.7999992 1.39765383e-13
-31.7500000 1.46600980e-13
-31.6999989 1.53770890e-13
-31.6499996 1.61291472e-13
-31.6000004 1.69179883e-13
-31.5499992 1.77454094e-13
-31.5000000 1.86132956e-13
-31.4499989 1.95236310e-13
-31.3999996 2.04784852e-13
-31.3500004 2.14800427e-13
-31.2999992 2.25305844e-13
-31.2500000 2.36325038e-13
-31.1999989 2.47883148e-13
-31.1499996 2.60006562e-13
-31.1000004 2.72722898e-13
-31.0499992 2.86061132e-13
-31.0000000 3.00051759e-13
-30.9499989 3.14726598e-13
-30.8999996 3.30119151e-13
-30.8500004 3.46264521e-13
-30.7999992 3.63199542e-13
-30.7500000 3.80962812e-13
-30.6999989 3.99594800e-13
-30.6499996 4.19138086e-13
-30.6000004 4.39637123e-13
-30.5499992 4.61138777e-13
-30.5000000 4.83692025e-13
-30.4499989 5.07348287e-13
-30.3999996 5.32161500e-13
-30.3500004 5.58188370e-13
-30.2999992 5.85488092e-13
-30.2500000 6.14122956e-13
-30.1999989 6.44158284e-13
-30.1499996 6.75662597e-13
-30.1000004 7.08707724e-13
-30.0499992 7.43369017e-13
-30.0000000 7.79725514e-13
-29.9499989 8.17860157e-13
-29.8999996 8.57859790e-13
-29.8500004 8.99815758e-13
-29.7999992 9.43823795e-13
-29.7500000 9.89983919e-13
-29.6999989 1.03840179e-12
-29.6499996 1.08918777e-12
-29.6000004 1.14245733e-12
-29.5499992 1.19833234e-12
-29.5000000 1.25694019e-12
-29.4499989 1.31841434e-12
-29.3999996 1.38289488e-12
-29.3500004 1.45052915e-12
-29.2999992 1.52147132e-12
-29.2500000 1.59588293e-12
-29.1999989 1.67393378e-12
-29.1499996 1.75580221e-12
-29.1000004 1.84167460e-12
-29.0499992 1.93174665e-12
-29.0000000 2.02622402e-12
-28.9499989 2.12532184e-12
-28.8999996 2.22926647e-12
-28.8500004 2.33829536e-12
-28.7999992 2.45265570e-12
-28.7500000 2.57260966e-12
-28.6999989 2.69843024e-12
-28.6499996 2.83040410e-12
-28.6000004 2.96883308e-12
-28.5499992 3.11403204e-12
-28.5000000 3.26633230e-12
-28.4499989 3.42608082e-12
-28.3999996 3.59364274e-12
-28.3500004 3.76939972e-12
-28.2999992 3.95375269e-12
-28.2500000 4.14712188e-12
-28.1999989 4.34994749e-12
-28.1499996 4.56269354e-12
-28.1000004 4.78584446e-12
-28.0499992 5.01990897e-12
-28.0000000 5.26542135e-12
-27.9499989 5.52294148e-12
-27.8999996 5.79305571e-12
-27.8500004 6.07638115e-12
-27.7999992 6.37356357e-12
-27.7500000 6.68527993e-12
-27.6999989 7.01224192e-12
-27.6499996 7.35519458e-12
-27.6000004 7.71492072e-12
-27.5499992 8.09223955e-12
-27.5000000 8.48801238e-12
-27.4499989 8.90314211e-12
-27.3999996 9.33857418e-12
-27.3500004 9.79530172e-12
-27.2999992 1.02743673e-11
-27.2500000 1.07768638e-11
-27.1999989 1.13039352e-11
-27.1499996 1.18567864e-11
-27.1000004 1.24366741e-11
-27.0499992 1.30449236e-11
-27.0000000 1.36829220e-11
-26.9499989 1.43521228e-11
-26.8999996 1.50540535e-11
-26.8500004 1.57903118e-11
-26.7999992 1.65625812e-11
-26.7500000 1.73726190e-11
-26.6999989 1.82222709e-11
-26.6499996 1.91134816e-11
-26.6000004 2.00482773e-11
-26.5499992 2.10287933e-11
-26.5000000 2.20572657e-11
-26.4499989 2.31360330e-11
-26.3999996 2.42675654e-11
-26.3500004 2.54544354e-11
-26.2999992 2.66993563e-11
-26.2500000 2.80051572e-11
-26.1999989 2.93748255e-11
-26.1499996 3.08114818e-11
-26.1000004 3.23184049e-11
-26.0499992 3.38990259e-11
-26.0000000 3.55569497e-11
-25.9499989 3.72959580e-11
-25.8999996 3.91200197e-11
-25.8500004 4.10332913e-11
-25.7999992 4.30401374e-11
-25.7500000 4.51451342e-11
-25.6999989 4.73530833e-11
-25.6499996 4.96690154e-11
-25.6000004 5.20982216e-11
-25.5499992 5.46462250e-11
-25.5000000 5.73188511e-11
-25.4499989 6.01221850e-11
-25.3999996 6.30626176e-11
-25.3500004 6.61468727e-11
-25.2999992 6.93819585e-11
-25.2500000 7.27752719e-11
-25.1999989 7.63345429e-11
-25.1499996 8.00678898e-11
-25.1000004 8.39838268e-11
-25.0499992 8.80912843e-11
-25.0000000 9.23996296e-11
-24.9499989 9.69186814e-11
-24.8999996 1.01658758e-10
-24.8500004 1.06630663e-10
-24.7999992 1.11845727e-10
-24.7500000 1.17315851e-10
-24.6999989 1.23053512e-10
-24.6499996 1.29071781e-10
-24.6000004 1.35384370e-10
-24.5499992 1.42005713e-10
-24.5000000 1.48950893e-10
-24.4499989 1.56235733e-10
-24.3999996 1.63876870e-10
-24.3500004 1.71891737e-10
-24.2999992 1.80298568e-10
-24.2500000 1.89116570e-10
-24.1999989 1.98365810e-10
-24.1499996 2.08067452e-10
-24.1000004 2.18243562e-10
-24.0499992 2.28917357e-10
-24.0000000 2.40113179e-10
-23.9499989 2.51856563e-10
-23.8999996 2.64174266e-10
-23.8500004 2.77094431e-10
-23.7999992 2.90646507e-10
-23.7500000 3.04861331e-10
-23.6999989 3.19771404e-10
-23.6499996 3.35410699e-10
-23.6000004 3.51814827e-10
-23.5499992 3.69021314e-10
-23.5000000 3.87069266e-10
-23.4499989 4.05999956e-10
-23.3999996 4.25856489e-10
-23.3500004 4.46684190e-10
-23.2999992 4.68530437e-10
-23.2500000 4.91445218e-10
-23.1999989 5.15480603e-10
-23.1499996 5.40691603e-10
-23.1000004 5.67135672e-10
-23.0499992 5.94873040e-10
-23.0000000 6.23966934e-10
-22.9499989 6.54483745e-10
-22.8999996 6.86493029e-10
-22.8500004 7.20067950e-10
-22.7999992 7.55284779e-10
-22.7500000 7.92224064e-10
-22.6999989 8.30969960e-10
-22.6499996 8.71610728e-10
-22.6000004 9.14239184e-10
-22.5499992 9.58952584e-10
-22.5000000 1.00585285e-09
-22.4499989 1.05504683e-09
-22.3999996 1.10664666e-09
-22.3500004 1.16077037e-09
-22.2999992 1.21754085e-09
-22.2500000 1.27708810e-09
-22.1999989 1.33954747e-09
-22.1499996 1.40506173e-09
-22.1000004 1.47378010e-09
-22.0499992 1.54585933e-09
-22.0000000 1.62146374e-09
-21.9499989 1.70076575e-09
-21.8999996 1.78394621e-09
-21.8500004 1.87119498e-09
-21.7999992 1.96271088e-09
-21.7500000 2.05870276e-09
-21.6999989 2.15938911e-09
-21.6499996 2.26500019e-09
-21.6000004 2.37577624e-09
-21.5499992 2.49196996e-09
-21.5000000 2.61384669e-09
-21.4499989 2.74168377e-09
-21.3999996 2.87577362e-09
-21.3500004 3.01642133e-09
-21.2999992 3.16394777e-09
-21.2500000 3.31868910e-09
-21.1999989 3.48099882e-09
-21.1499996 3.65124664e-09
-21.1000004 3.82982090e-09
-21.0499992 4.01712841e-09
-21.0000000 4.21359703e-09
-20.9499989 4.41967440e-09
-20.8999996 4.63583083e-09
-20.8500004 4.86255924e-09
-20.7999992 5.10037523e-09
-20.7500000 5.34982370e-09
-20.6999989 5.61147084e-09
-20.6499996 5.88591487e-09
-20.6000004 6.17378149e-09
-20.5499992 6.47572707e-09
-20.5000000 6.79243950e-09
-20.4499989 7.12464221e-09
-20.3999996 7.47309237e-09
-20.3500004 7.83858489e-09
-20.2999992 8.22195290e-09
-20.2500000 8.62406857e-09
-20.1999989 9.04585296e-09
-20.1499996 9.48826440e-09
-20.1000004 9.95231364e-09
-20.0499992 1.04390585e-08
-20.0000000 1.09496092e-08
-19.9499989 1.14851302e-08
-19.8999996 1.20468417e-08
-19.8500004 1.26360247e-08
-19.7999992 1.32540228e-08
-19.7500000 1.39022465e-08
-19.6999989 1.45821719e-08
-19.6499996 1.52953543e-08
-19.6000004 1.60434137e-08
-19.5499992 1.68280607e-08
-19.5000000 1.76510824e-08
-19.4499989 1.85143580e-08
-19.3999996 1.94198506e-08
-19.3500004 2.03696313e-08
-19.2999992 2.13658602e-08
-19.2500000 2.24108145e-08
-19.1999989 2.35068764e-08
-19.1499996 2.46565452e-08
-19.1000004 2.58624411e-08
-19.0499992 2.71273137e-08
-19.0000000 2.84540480e-08
-18.9499989 2.98456726e-08
-18.8999996 3.13053548e-08
-18.8500004 3.28364322e-08
-18.7999992 3.44423832e-08
-18.7500000 3.61268846e-08
-18.6999989 3.78937663e-08
-18.6499996 3.97470679e-08
-18.6000004 4.16910027e-08
-18.5499992 4.37300116e-08
-18.5000000 4.58687488e-08
-18.4499989 4.81120850e-08
-18.3999996 5.04651325e-08
-18.3500004 5.29332702e-08
-18.2999992 5.55221149e-08
-18.2500000 5.82375748e-08
-18.1999989 6.10858351e-08
-18.1499996 6.40734044e-08
-18.1000004 6.72070897e-08
-18.0499992 7.04940391e-08
-18.0000000 7.39417345e-08
-17.9500008 7.75580560e-08
-17.8999977 8.13512457e-08
-17.8499985 8.53299440e-08
-17.7999992 8.95032315e-08
-17.7500000 9.38806437e-08
-17.7000008 9.84721282e-08
-17.6499977 1.03288187e-07
-17.5999985 1.08339776e-07
-17.5499992 1.13638428e-07
-17.5000000 1.19196223e-07
-17.4500008 1.25025835e-07
-17.3999977 1.31140567e-07
-17.3499985 1.37554338e-07
-17.2999992 1.44281827e-07
-17.2500000 1.51338327e-07
-17.2000008 1.58739951e-07
-17.1499977 1.66503540e-07
-17.0999985 1.74646857e-07
-17.0499992 1.83188419e-07
-17.0000000 1.92147738e-07
-16.9500008 2.01545276e-07
-16.8999977 2.11402366e-07
-16.8499985 2.21741587e-07
-16.7999992 2.32586444e-07
-16.7500000 2.43961694e-07
-16.7000008 2.55893326e-07
-16.6499977 2.68408456e-07
-16.5999985 2.81535705e-07
-16.5499992 2.95304972e-07
-16.5000000 3.09747691e-07
-16.4500008 3.24896718e-07
-16.3999977 3.40786727e-07
-16.3499985 3.57453786e-07
-16.2999992 3.74936008e-07
-16.2500000 3.93273297e-07
-16.2000008 4.12507404e-07
-16.1499977 4.32682157e-07
-16.0999985 4.53843683e-07
-16.0499992 4.76040128e-07
-16.0000000 4.99322141e-07
-15.9500008 5.23742926e-07
-15.8999977 5.49357878e-07
-15.8499985 5.76225773e-07
-15.7999992 6.04407603e-07
-15.7500000 6.33967829e-07
-15.7000008 6.64973697e-07
-15.6499977 6.97496034e-07
-15.5999985 7.31609020e-07
-15.5499992 7.67390304e-07
-15.5000000 8.04921569e-07
-15.4500008 8.44288479e-07
-15.3999977 8.85580675e-07
-15.3499985 9.28892348e-07
-15.2999992 9.74322234e-07
-15.2500000 1.02197407e-06
-15.2000008 1.07195649e-06
-15.1499977 1.12438340e-06
-15.0999985 1.17937429e-06
-15.0499992 1.23705490e-06
-15.0000000 1.29755631e-06
-14.9500008 1.36101653e-06
-14.8999977 1.42758063e-06
-14.8499985 1.49740038e-06
-14.7999992 1.57063459e-06
-14.7500000 1.64745052e-06
-14.7000008 1.72802356e-06
-14.6499977 1.81253722e-06
-14.5999985 1.90118408e-06
-14.5499992 1.99416650e-06
-14.5000000 2.09169639e-06
-14.4500008 2.19399635e-06
-14.3999977 2.30129967e-06
-14.3499985 2.41385078e-06
-14.2999992 2.53190660e-06
-14.2500000 2.65573613e-06
-14.2000008 2.78562175e-06
-14.1499977 2.92185973e-06
-14.0999985 3.06476068e-06
-14.0499992 3.21465086e-06
-14.0000000 3.37187134e-06
-13.9500008 3.53678138e-06
-13.8999977 3.70975636e-06
-13.8499985 3.89119077e-06
-13.7999992 4.08149936e-06
-13.7500000 4.28111525e-06
-13.7000008 4.49049412e-06
-13.6499977 4.71011299e-06
-13.5999985 4.94047254e-06
-13.5499992 5.18209845e-06
-13.5000000 5.43554188e-06
-13.4500008 5.70138036e-06
-13.3999977 5.98022007e-06
-13.3499985 6.27269674e-06
-13.2999992 6.57947794e-06
-13.2500000 6.90126308e-06
-13.2000008 7.23878520e-06
-13.1499977 7.59281420e-06
-13.0999985 7.96415861e-06
-13.0499992 8.35366518e-06
-13.0000000 8.76221930e-06
-12.9500008 9.19075410e-06
-12.8999977 9.64024912e-06
-12.8499985 1.01117266e-05
-12.7999992 1.06062625e-05
-12.7500000 1.11249828e-05
-12.7000008 1.16690735e-05
-12.6499977 1.22397732e-05
-12.5999985 1.28383854e-05
-12.5499992 1.34662714e-05
-12.5000000 1.41248665e-05
-12.4500008 1.48156705e-05
-12.3999977 1.55402595e-05
-12.3499985 1.63002842e-05
-12.2999992 1.70974781e-05
-12.2500000 1.79336585e-05
-12.2000008 1.88107351e-05
-12.1499977 1.97307036e-05
-12.0999985 2.06956647e-05
-12.0499992 2.17078177e-05
-12.0000000 2.27694691e-05
-11.9500008 2.38830398e-05
-11.8999977 2.50510693e-05
-11.8499985 2.62762260e-05
-11.7999992 2.75612947e-05
-11.7500000 2.89092113e-05
-11.7000008 3.03230463e-05
-11.6499977 3.18060229e-05
-11.5999985 3.33615171e-05
-11.5499992 3.49930924e-05
-11.5000000 3.67044522e-05
-11.4500008 3.84995037e-05
-11.3999977 4.03823360e-05
-11.3499985 4.23572492e-05
-11.2999992 4.44287325e-05
-11.2500000 4.66015263e-05
-11.2000008 4.88805672e-05
-11.1499977 5.12710540e-05
-11.0999985 5.37784399e-05
-11.0499992 5.64084439e-05
-11.0000000 5.91670578e-05
-10.9500008 6.20605715e-05
-10.8999977 6.50955699e-05
-10.8499985 6.82789760e-05
-10.7999992 7.16180584e-05
-10.7500000 7.51204134e-05
-10.7000008 7.87940153e-05
-10.6499977 8.26472606e-05
-10.5999985 8.66889168e-05
-10.5499992 9.09281953e-05
-10.5000000 9.53747585e-05
-10.4500008 1.00038749e-04
-10.3999977 1.04930790e-04
-10.3499985 1.10061999e-04
-10.2999992 1.15444112e-04
-10.2500000 1.21089368e-04
-10.2000008 1.27010644e-04
-10.1499977 1.33221387e-04
-10.0999985 1.39735799e-04
-10.0499992 1.46568709e-04
-10.0000000 1.53735658e-04
-9.95000076 1.61252974e-04
-9.89999771 1.69137798e-04
-9.84999847 1.77408074e-04
-9.79999924 1.86082631e-04
-9.75000000 1.95181216e-04
-9.70000076 2.04724594e-04
-9.64999771 2.14734449e-04
-9.59999847 2.25233583e-04
-9.54999924 2.36245876e-04
-9.50000000 2.47796444e-04
-9.45000076 2.59911525e-04
-9.39999771 2.72618694e-04
-9.34999847 2.85946910e-04
-9.29999924 2.99926411e-04
-9.25000000 3.14589095e-04
-9.20000076 3.29968287e-04
-9.14999771 3.46098910e-04
-9.09999847 3.63017723e-04
-9.04999924 3.80763144e-04
-9.00000000 3.99375538e-04
-8.95000076 4.18897223e-04
-8.89999771 4.39372583e-04
-8.84999847 4.60848125e-04
-8.79999924 4.83372627e-04
-8.75000000 5.06997167e-04
-8.70000076 5.31775644e-04
-8.64999771 5.57764084e-04
-8.59999847 5.85021626e-04
-8.54999924 6.13610027e-04
-8.50000000 6.43594190e-04
-8.45000076 6.75042043e-04
-8.39999771 7.08025007e-04
-8.34999847 7.42617820e-04
-8.29999924 7.78899062e-04
-8.25000000 8.16950691e-04
-8.20000076 8.56858853e-04
-8.14999771 8.98714061e-04
-8.09999847 9.42611077e-04
-8.04999924 9.88649088e-04
-8.00000000 1.03693223e-03
-7.95000076 1.08756963e-03
-7.89999771 1.14067574e-03
-7.84999847 1.19637058e-03
-7.79999924 1.25477964e-03
-7.75000000 1.31603482e-03
-7.70000076 1.38027419e-03
-7.64999771 1.44764257e-03
-7.59999847 1.51829189e-03
-7.54999924 1.59238081e-03
-7.50000000 1.67007628e-03
-7.45000076 1.75155257e-03
-7.39999771 1.83699268e-03
-7.34999847 1.92658883e-03
-7.29999924 2.02054135e-03
-7.25000000 2.11906107e-03
-7.20000076 2.22236803e-03
-7.14999771 2.33069365e-03
-7.09999847 2.44427961e-03
-7.04999924 2.56337970e-03
-7.00000000 2.68825935e-03
-6.95000076 2.81919632e-03
-6.89999771 2.95648165e-03
-6.84999847 3.10042012e-03
-6.79999924 3.25133139e-03
-6.75000000 3.40954913e-03
-6.70000076 3.57542350e-03
-6.64999771 3.74932075e-03
-6.59999847 3.93162295e-03
-6.54999924 4.12273128e-03
-6.50000000 4.32306621e-03
-6.45000076 4.53306641e-03
-6.39999771 4.75319056e-03
-6.34999847 4.98391828e-03
-6.29999924 5.22575295e-03
-6.25000000 5.47921844e-03
-6.20000076 5.74486377e-03
-6.14999771 6.02326309e-03
-6.09999847 6.31501619e-03
-6.04999924 6.62074750e-03
-6.00000000 6.94111269e-03
-5.95000076 7.27679487e-03
-5.89999771 7.62850652e-03
-5.84999847 7.99699314e-03
-5.79999924 8.38303100e-03
-5.75000000 8.78743082e-03
-5.70000076 9.21103824e-03
-5.64999771 9.65473149e-03
-5.59999847 1.01194317e-02
-5.54999924 1.06060961e-02
-5.50000000 1.11157214e-02
-5.45000076 1.16493450e-02
-5.39999771 1.22080455e-02
-5.34999847 1.27929449e-02
-5.29999924 1.34052122e-02
-5.25000000 1.40460627e-02
-5.20000076 1.47167519e-02
-5.14999771 1.54185873e-02
-5.09999847 1.61529295e-02
-5.04999924 1.69211812e-02
-5.00000000 1.77247990e-02
-4.95000076 1.85652897e-02
-4.89999771 1.94442142e-02
-4.84999847 2.03631762e-02
-4.79999924 2.13238448e-02
-4.75000000 2.23279353e-02
-4.70000076 2.33772099e-02
-4.64999771 2.44734846e-02
-4.59999847 2.56186333e-02
-4.54999924 2.68145651e-02
-4.50000000 2.80632470e-02
-4.45000076 2.93666907e-02
-4.39999771 3.07269376e-02
-4.34999847 3.21460888e-02
-4.29999924 3.36262546e-02
-4.25000000 3.51696052e-02
-4.20000076 3.67783122e-02
-4.14999771 3.84545811e-02
-4.09999847 4.02006209e-02
-4.04999924 4.20186520e-02
-4.00000000 4.39108871e-02
-3.95000076 4.58795093e-02
-3.89999771 4.79266867e-02
-3.84999847 5.00545502e-02
-3.79999924 5.22651672e-02
-3.75000000 5.45605309e-02
-3.70000076 5.69425523e-02
-3.64999771 5.94130158e-02
-3.59999847 6.19735755e-02
-3.54999924 6.46257177e-02
-3.50000000 6.73707575e-02
-3.45000076 7.02097714e-02
-3.39999771 7.31436089e-02
-3.34999847 7.61727840e-02
-3.29999924 7.92975202e-02
-3.25000000 8.25176910e-02
-3.20000076 8.58326852e-02
-3.14999771 8.92414823e-02
-3.09999847 9.27425027e-02
-3.04999924 9.63336229e-02
-3.00000000 0.100012042 
-2.95000076 0.103774309 
-2.89999771 0.107616141 
-2.84999847 0.111532457 
-2.79999924 0.115517244 
-2.75000000 0.119563490 
-2.70000076 0.123663113 
-2.64999771 0.127806872 
-2.59999847 0.131984323 
-2.54999924 0.136183664 
-2.50000000 0.140391693 
-2.45000076 0.144593745 
-2.39999771 0.148773640 
-2.34999847 0.152913496 
-2.29999924 0.156993836 
-2.25000000 0.160993382 
-2.20000076 0.164889187 
-2.14999771 0.168656468 
-2.09999847 0.172268629 
-2.04999924 0.175697476 
-2.00000000 0.178912967 
-1.95000076 0.181883588 
-1.89999771 0.184576288 
-1.84999847 0.186956808 
-1.79999924 0.188989729 
-1.75000000 0.190638885 
-1.70000076 0.191867709 
-1.64999771 0.192639545 
-1.59999847 0.192918181 
-1.54999924 0.192668453 
-1.50000000 0.191856608 
-1.45000076 0.190451354 
-1.39999771 0.188424334 
-1.34999847 0.185751095 
-1.29999924 0.182411939 
-1.25000000 0.178392828 
-1.20000076 0.173686400 
-1.14999771 0.168292865 
-1.09999847 0.162221059 
-1.04999924 0.155489266 
-1.00000000 0.148126096 
-0.950000763 0.140171230 
-0.899997711 0.131675899 
-0.849998474 0.122703291 
-0.799999237 0.113328598 
-0.750000000 0.103638873 
-0.700000763 9.37324613e-02
-0.649997711 8.37181285e-02
-0.599998474 7.37137720e-02
-0.549999237 6.38447106e-02
-0.500000000 5.42416908e-02
-0.450000763 4.50384431e-02
-0.399997711 3.63689549e-02
-0.349998474 2.83645149e-02
-0.299999237 2.11506262e-02
-0.250000000 1.48438383e-02
-0.200000763 9.54868738e-03
-0.149997711 5.35482168e-03
-9.99984741e-02 2.33445107e-03
-4.99992371e-02 5.40239795e-04
0.00000000 3.73550347e-06