-50 2.63599e-21
-49.95 2.76491e-21
-49.9 2.90013e-21
-49.85 3.04197e-21
-49.8 3.19074e-21
-49.75 3.3468e-21
-49.7 3.51048e-21
-49.65 3.68217e-21
-49.6 3.86226e-21
-49.55 4.05115e-21
-49.5 4.24928e-21
-49.45 4.45711e-21
-49.4 4.67509e-21
-49.35 4.90374e-21
-49.3 5.14357e-21
-49.25 5.39513e-21
-49.2 5.659e-21
-49.15 5.93576e-21
-49.1 6.22607e-21
-49.05 6.53057e-21
-49 6.84997e-21
-48.95 7.18498e-21
-48.9 7.53639e-21
-48.85 7.90497e-21
-48.8 8.29159e-21
-48.75 8.69711e-21
-48.7 9.12246e-21
-48.65 9.56862e-21
-48.6 1.00366e-20
-48.55 1.05275e-20
-48.5 1.10423e-20
-48.45 1.15824e-20
-48.4 1.21489e-20
-48.35 1.2743e-20
-48.3 1.33663e-20
-48.25 1.402e-20
-48.2 1.47057e-20
-48.15 1.54249e-20
-48.1 1.61793e-20
-48.05 1.69706e-20
-48 1.78006e-20
-47.95 1.86712e-20
-47.9 1.95843e-20
-47.85 2.05422e-20
-47.8 2.15468e-20
-47.75 2.26006e-20
-47.7 2.3706e-20
-47.65 2.48654e-20
-47.6 2.60815e-20
-47.55 2.73571e-20
-47.5 2.8695e-20
-47.45 3.00984e-20
-47.4 3.15705e-20
-47.35 3.31145e-20
-47.3 3.47341e-20
-47.25 3.64329e-20
-47.2 3.82147e-20
-47.15 4.00837e-20
-47.1 4.20441e-20
-47.05 4.41004e-20
-47 4.62572e-20
-46.95 4.85196e-20
-46.9 5.08925e-20
-46.85 5.33816e-20
-46.8 5.59924e-20
-46.75 5.87308e-20
-46.7 6.16032e-20
-46.65 6.46161e-20
-46.6 6.77763e-20
-46.55 7.10911e-20
-46.5 7.4568e-20
-46.45 7.82149e-20
-46.4 8.20402e-20
-46.35 8.60526e-20
-46.3 9.02613e-20
-46.25 9.46758e-20
-46.2 9.93061e-20
-46.15 1.04163e-19
-46.1 1.09257e-19
-46.05 1.14601e-19
-46 1.20206e-19
-45.95 1.26085e-19
-45.9 1.32251e-19
-45.85 1.38719e-19
-45.8 1.45504e-19
-45.75 1.5262e-19
-45.7 1.60084e-19
-45.65 1.67914e-19
-45.6 1.76126e-19
-45.55 1.8474e-19
-45.5 1.93775e-19
-45.45 2.03252e-19
-45.4 2.13193e-19
-45.35 2.2362e-19
-45.3 2.34556e-19
-45.25 2.46028e-19
-45.2 2.58061e-19
-45.15 2.70682e-19
-45.1 2.8392e-19
-45.05 2.97806e-19
-45 3.12371e-19
-44.95 3.27648e-19
-44.9 3.43673e-19
-44.85 3.60481e-19
-44.8 3.78111e-19
-44.75 3.96604e-19
-44.7 4.16001e-19
-44.65 4.36347e-19
-44.6 4.57687e-19
-44.55 4.80072e-19
-44.5 5.03551e-19
-44.45 5.28179e-19
-44.4 5.54011e-19
-44.35 5.81106e-19
-44.3 6.09527e-19
-44.25 6.39337e-19
-44.2 6.70606e-19
-44.15 7.03403e-19
-44.1 7.37805e-19
-44.05 7.7389e-19
-44 8.11739e-19
-43.95 8.51439e-19
-43.9 8.93081e-19
-43.85 9.3676e-19
-43.8 9.82574e-19
-43.75 1.03063e-18
-43.7 1.08104e-18
-43.65 1.13391e-18
-43.6 1.18936e-18
-43.55 1.24753e-18
-43.5 1.30855e-18
-43.45 1.37254e-18
-43.4 1.43967e-18
-43.35 1.51008e-18
-43.3 1.58394e-18
-43.25 1.6614e-18
-43.2 1.74266e-18
-43.15 1.82789e-18
-43.1 1.91729e-18
-43.05 2.01106e-18
-43 2.10941e-18
-42.95 2.21258e-18
-42.9 2.32079e-18
-42.85 2.4343e-18
-42.8 2.55335e-18
-42.75 2.67823e-18
-42.7 2.80922e-18
-42.65 2.94661e-18
-42.6 3.09072e-18
-42.55 3.24188e-18
-42.5 3.40044e-18
-42.45 3.56674e-18
-42.4 3.74118e-18
-42.35 3.92416e-18
-42.3 4.11608e-18
-42.25 4.31739e-18
-42.2 4.52854e-18
-42.15 4.75002e-18
-42.1 4.98233e-18
-42.05 5.22601e-18
-42 5.4816e-18
-41.95 5.74969e-18
-41.9 6.0309e-18
-41.85 6.32585e-18
-41.8 6.63524e-18
-41.75 6.95975e-18
-41.7 7.30014e-18
-41.65 7.65717e-18
-41.6 8.03167e-18
-41.55 8.42448e-18
-41.5 8.8365e-18
-41.45 9.26867e-18
-41.4 9.72198e-18
-41.35 1.01975e-17
-41.3 1.06962e-17
-41.25 1.12193e-17
-41.2 1.1768e-17
-41.15 1.23436e-17
-41.1 1.29473e-17
-41.05 1.35805e-17
-41 1.42447e-17
-40.95 1.49414e-17
-40.9 1.56721e-17
-40.85 1.64386e-17
-40.8 1.72426e-17
-40.75 1.80859e-17
-40.7 1.89704e-17
-40.65 1.98982e-17
-40.6 2.08714e-17
-40.55 2.18922e-17
-40.5 2.29628e-17
-40.45 2.40859e-17
-40.4 2.52639e-17
-40.35 2.64995e-17
-40.3 2.77955e-17
-40.25 2.91549e-17
-40.2 3.05808e-17
-40.15 3.20765e-17
-40.1 3.36453e-17
-40.05 3.52908e-17
-40 3.70168e-17
-39.95 3.88272e-17
-39.9 4.07261e-17
-39.85 4.27179e-17
-39.8 4.48072e-17
-39.75 4.69986e-17
-39.7 4.92972e-17
-39.65 5.17082e-17
-39.6 5.42371e-17
-39.55 5.68897e-17
-39.5 5.96721e-17
-39.45 6.25905e-17
-39.4 6.56517e-17
-39.35 6.88626e-17
-39.3 7.22305e-17
-39.25 7.57631e-17
-39.2 7.94685e-17
-39.15 8.33551e-17
-39.1 8.74318e-17
-39.05 9.17079e-17
-39 9.61931e-17
-38.95 1.00898e-16
-38.9 1.05832e-16
-38.85 1.11008e-16
-38.8 1.16438e-16
-38.75 1.22132e-16
-38.7 1.28105e-16
-38.65 1.34371e-16
-38.6 1.40943e-16
-38.55 1.47836e-16
-38.5 1.55066e-16
-38.45 1.6265e-16
-38.4 1.70605e-16
-38.35 1.78949e-16
-38.3 1.87701e-16
-38.25 1.96881e-16
-38.2 2.0651e-16
-38.15 2.1661e-16
-38.1 2.27204e-16
-38.05 2.38316e-16
-38 2.49971e-16
-37.95 2.62196e-16
-37.9 2.7502e-16
-37.85 2.88471e-16
-37.8 3.02579e-16
-37.75 3.17377e-16
-37.7 3.329e-16
-37.65 3.49181e-16
-37.6 3.66259e-16
-37.55 3.84171e-16
-37.5 4.0296e-16
-37.45 4.22668e-16
-37.4 4.4334e-16
-37.35 4.65023e-16
-37.3 4.87766e-16
-37.25 5.11621e-16
-37.2 5.36644e-16
-37.15 5.6289e-16
-37.1 5.90419e-16
-37.05 6.19295e-16
-37 6.49584e-16
-36.95 6.81353e-16
-36.9 7.14677e-16
-36.85 7.4963e-16
-36.8 7.86293e-16
-36.75 8.24749e-16
-36.7 8.65085e-16
-36.65 9.07394e-16
-36.6 9.51773e-16
-36.55 9.98322e-16
-36.5 1.04715e-15
-36.45 1.09836e-15
-36.4 1.15208e-15
-36.35 1.20843e-15
-36.3 1.26753e-15
-36.25 1.32952e-15
-36.2 1.39454e-15
-36.15 1.46275e-15
-36.1 1.53429e-15
-36.05 1.60932e-15
-36 1.68803e-15
-35.95 1.77059e-15
-35.9 1.85719e-15
-35.85 1.94802e-15
-35.8 2.04329e-15
-35.75 2.14322e-15
-35.7 2.24804e-15
-35.65 2.35799e-15
-35.6 2.47331e-15
-35.55 2.59428e-15
-35.5 2.72116e-15
-35.45 2.85424e-15
-35.4 2.99384e-15
-35.35 3.14026e-15
-35.3 3.29384e-15
-35.25 3.45493e-15
-35.2 3.62391e-15
-35.15 3.80114e-15
-35.1 3.98705e-15
-35.05 4.18205e-15
-35 4.38658e-15
-34.95 4.60112e-15
-34.9 4.82615e-15
-34.85 5.06219e-15
-34.8 5.30977e-15
-34.75 5.56945e-15
-34.7 5.84184e-15
-34.65 6.12755e-15
-34.6 6.42724e-15
-34.55 6.74158e-15
-34.5 7.0713e-15
-34.45 7.41714e-15
-34.4 7.77989e-15
-34.35 8.16039e-15
-34.3 8.5595e-15
-34.25 8.97812e-15
-34.2 9.41722e-15
-34.15 9.87779e-15
-34.1 1.03609e-14
-34.05 1.08676e-14
-34 1.13991e-14
-33.95 1.19566e-14
-33.9 1.25414e-14
-33.85 1.31548e-14
-33.8 1.37982e-14
-33.75 1.4473e-14
-33.7 1.51808e-14
-33.65 1.59233e-14
-33.6 1.67021e-14
-33.55 1.75189e-14
-33.5 1.83757e-14
-33.45 1.92744e-14
-33.4 2.02171e-14
-33.35 2.12059e-14
-33.3 2.2243e-14
-33.25 2.33309e-14
-33.2 2.44719e-14
-33.15 2.56688e-14
-33.1 2.69242e-14
-33.05 2.8241e-14
-33 2.96222e-14
-32.95 3.1071e-14
-32.9 3.25906e-14
-32.85 3.41845e-14
-32.8 3.58564e-14
-32.75 3.761e-14
-32.7 3.94495e-14
-32.65 4.13788e-14
-32.6 4.34026e-14
-32.55 4.55253e-14
-32.5 4.77518e-14
-32.45 5.00873e-14
-32.4 5.25369e-14
-32.35 5.51064e-14
-32.3 5.78015e-14
-32.25 6.06285e-14
-32.2 6.35937e-14
-32.15 6.67039e-14
-32.1 6.99662e-14
-32.05 7.33881e-14
-32 7.69773e-14
-31.95 8.07421e-14
-31.9 8.4691e-14
-31.85 8.88331e-14
-31.8 9.31777e-14
-31.75 9.77348e-14
-31.7 1.02515e-13
-31.65 1.07529e-13
-31.6 1.12788e-13
-31.55 1.18304e-13
-31.5 1.2409e-13
-31.45 1.30159e-13
-31.4 1.36524e-13
-31.35 1.43201e-13
-31.3 1.50205e-13
-31.25 1.57551e-13
-31.2 1.65257e-13
-31.15 1.73339e-13
-31.1 1.81817e-13
-31.05 1.90709e-13
-31 2.00036e-13
-30.95 2.09819e-13
-30.9 2.20081e-13
-30.85 2.30845e-13
-30.8 2.42135e-13
-30.75 2.53977e-13
-30.7 2.66399e-13
-30.65 2.79428e-13
-30.6 2.93094e-13
-30.55 3.07428e-13
-30.5 3.22464e-13
-30.45 3.38235e-13
-30.4 3.54777e-13
-30.35 3.72129e-13
-30.3 3.90329e-13
-30.25 4.09419e-13
-30.2 4.29442e-13
-30.15 4.50445e-13
-30.1 4.72476e-13
-30.05 4.95583e-13
-30 5.19821e-13
-29.95 5.45245e-13
-29.9 5.71911e-13
-29.85 5.99882e-13
-29.8 6.29221e-13
-29.75 6.59995e-13
-29.7 6.92273e-13
-29.65 7.26131e-13
-29.6 7.61644e-13
-29.55 7.98895e-13
-29.5 8.37967e-13
-29.45 8.7895e-13
-29.4 9.21937e-13
-29.35 9.67027e-13
-29.3 1.01432e-12
-29.25 1.06393e-12
-29.2 1.11596e-12
-29.15 1.17054e-12
-29.1 1.22779e-12
-29.05 1.28784e-12
-29 1.35083e-12
-28.95 1.41689e-12
-28.9 1.48619e-12
-28.85 1.55888e-12
-28.8 1.63512e-12
-28.75 1.71509e-12
-28.7 1.79897e-12
-28.65 1.88695e-12
-28.6 1.97924e-12
-28.55 2.07604e-12
-28.5 2.17757e-12
-28.45 2.28407e-12
-28.4 2.39578e-12
-28.35 2.51295e-12
-28.3 2.63585e-12
-28.25 2.76477e-12
-28.2 2.89999e-12
-28.15 3.04182e-12
-28.1 3.19059e-12
-28.05 3.34663e-12
-28 3.51031e-12
-27.95 3.68199e-12
-27.9 3.86207e-12
-27.85 4.05095e-12
-27.8 4.24907e-12
-27.75 4.45689e-12
-27.7 4.67486e-12
-27.65 4.9035e-12
-27.6 5.14332e-12
-27.55 5.39487e-12
-27.5 5.65872e-12
-27.45 5.93547e-12
-27.4 6.22576e-12
-27.35 6.53025e-12
-27.3 6.84963e-12
-27.25 7.18463e-12
-27.2 7.53601e-12
-27.15 7.90458e-12
-27.1 8.29118e-12
-27.05 8.69668e-12
-27 9.12201e-12
-26.95 9.56815e-12
-26.9 1.00361e-11
-26.85 1.05269e-11
-26.8 1.10418e-11
-26.75 1.15818e-11
-26.7 1.21483e-11
-26.65 1.27424e-11
-26.6 1.33656e-11
-26.55 1.40193e-11
-26.5 1.47049e-11
-26.45 1.54241e-11
-26.4 1.61785e-11
-26.35 1.69697e-11
-26.3 1.77997e-11
-26.25 1.86702e-11
-26.2 1.95834e-11
-26.15 2.05411e-11
-26.1 2.15458e-11
-26.05 2.25995e-11
-26 2.37048e-11
-25.95 2.48641e-11
-25.9 2.60802e-11
-25.85 2.73557e-11
-25.8 2.86936e-11
-25.75 3.0097e-11
-25.7 3.15689e-11
-25.65 3.31129e-11
-25.6 3.47324e-11
-25.55 3.64311e-11
-25.5 3.82128e-11
-25.45 4.00817e-11
-25.4 4.2042e-11
-25.35 4.40982e-11
-25.3 4.62549e-11
-25.25 4.85172e-11
-25.2 5.089e-11
-25.15 5.33789e-11
-25.1 5.59896e-11
-25.05 5.87279e-11
-25 6.16002e-11
-24.95 6.46129e-11
-24.9 6.77729e-11
-24.85 7.10876e-11
-24.8 7.45643e-11
-24.75 7.82111e-11
-24.7 8.20362e-11
-24.65 8.60484e-11
-24.6 9.02568e-11
-24.55 9.46711e-11
-24.5 9.93012e-11
-24.45 1.04158e-10
-24.4 1.09252e-10
-24.35 1.14595e-10
-24.3 1.202e-10
-24.25 1.26078e-10
-24.2 1.32245e-10
-24.15 1.38712e-10
-24.1 1.45497e-10
-24.05 1.52612e-10
-24 1.60076e-10
-23.95 1.67905e-10
-23.9 1.76117e-10
-23.85 1.84731e-10
-23.8 1.93766e-10
-23.75 2.03242e-10
-23.7 2.13182e-10
-23.65 2.23608e-10
-23.6 2.34545e-10
-23.55 2.46016e-10
-23.5 2.58048e-10
-23.45 2.70668e-10
-23.4 2.83906e-10
-23.35 2.97791e-10
-23.3 3.12356e-10
-23.25 3.27632e-10
-23.2 3.43656e-10
-23.15 3.60463e-10
-23.1 3.78093e-10
-23.05 3.96584e-10
-23 4.1598e-10
-22.95 4.36325e-10
-22.9 4.57665e-10
-22.85 4.80048e-10
-22.8 5.03526e-10
-22.75 5.28152e-10
-22.7 5.53983e-10
-22.65 5.81077e-10
-22.6 6.09496e-10
-22.55 6.39305e-10
-22.5 6.70572e-10
-22.45 7.03369e-10
-22.4 7.37769e-10
-22.35 7.73851e-10
-22.3 8.11699e-10
-22.25 8.51397e-10
-22.2 8.93037e-10
-22.15 9.36713e-10
-22.1 9.82526e-10
-22.05 1.03058e-09
-22 1.08098e-09
-21.95 1.13385e-09
-21.9 1.1893e-09
-21.85 1.24747e-09
-21.8 1.30848e-09
-21.75 1.37248e-09
-21.7 1.4396e-09
-21.65 1.51001e-09
-21.6 1.58386e-09
-21.55 1.66132e-09
-21.5 1.74257e-09
-21.45 1.8278e-09
-21.4 1.91719e-09
-21.35 2.01096e-09
-21.3 2.10931e-09
-21.25 2.21247e-09
-21.2 2.32068e-09
-21.15 2.43418e-09
-21.1 2.55323e-09
-21.05 2.6781e-09
-21 2.80908e-09
-20.95 2.94646e-09
-20.9 3.09057e-09
-20.85 3.24172e-09
-20.8 3.40027e-09
-20.75 3.56657e-09
-20.7 3.741e-09
-20.65 3.92396e-09
-20.6 4.11588e-09
-20.55 4.31717e-09
-20.5 4.52832e-09
-20.45 4.74979e-09
-20.4 4.98209e-09
-20.35 5.22575e-09
-20.3 5.48133e-09
-20.25 5.74941e-09
-20.2 6.0306e-09
-20.15 6.32554e-09
-20.1 6.63491e-09
-20.05 6.95941e-09
-20 7.29978e-09
-19.95 7.65679e-09
-19.9 8.03127e-09
-19.85 8.42406e-09
-19.8 8.83606e-09
-19.75 9.26821e-09
-19.7 9.7215e-09
-19.65 1.0197e-08
-19.6 1.06957e-08
-19.55 1.12188e-08
-19.5 1.17674e-08
-19.45 1.2343e-08
-19.4 1.29466e-08
-19.35 1.35798e-08
-19.3 1.4244e-08
-19.25 1.49406e-08
-19.2 1.56713e-08
-19.15 1.64378e-08
-19.1 1.72417e-08
-19.05 1.8085e-08
-19 1.89695e-08
-18.95 1.98972e-08
-18.9 2.08703e-08
-18.85 2.18911e-08
-18.8 2.29617e-08
-18.75 2.40847e-08
-18.7 2.52626e-08
-18.65 2.64982e-08
-18.6 2.77941e-08
-18.55 2.91535e-08
-18.5 3.05793e-08
-18.45 3.20749e-08
-18.4 3.36436e-08
-18.35 3.5289e-08
-18.3 3.70149e-08
-18.25 3.88252e-08
-18.2 4.07241e-08
-18.15 4.27158e-08
-18.1 4.4805e-08
-18.05 4.69963e-08
-18 4.92947e-08
-17.95 5.17056e-08
-17.9 5.42344e-08
-17.85 5.68869e-08
-17.8 5.96691e-08
-17.75 6.25874e-08
-17.7 6.56484e-08
-17.65 6.88591e-08
-17.6 7.22269e-08
-17.55 7.57593e-08
-17.5 7.94645e-08
-17.45 8.3351e-08
-17.4 8.74275e-08
-17.35 9.17034e-08
-17.3 9.61884e-08
-17.25 1.00893e-07
-17.2 1.05827e-07
-17.15 1.11003e-07
-17.1 1.16432e-07
-17.05 1.22126e-07
-17 1.28099e-07
-16.95 1.34364e-07
-16.9 1.40936e-07
-16.85 1.47828e-07
-16.8 1.55058e-07
-16.75 1.62642e-07
-16.7 1.70596e-07
-16.65 1.7894e-07
-16.6 1.87691e-07
-16.55 1.96871e-07
-16.5 2.06499e-07
-16.45 2.16599e-07
-16.4 2.27192e-07
-16.35 2.38304e-07
-16.3 2.49959e-07
-16.25 2.62183e-07
-16.2 2.75006e-07
-16.15 2.88456e-07
-16.1 3.02564e-07
-16.05 3.17362e-07
-16 3.32883e-07
-15.95 3.49163e-07
-15.9 3.6624e-07
-15.85 3.84152e-07
-15.8 4.0294e-07
-15.75 4.22647e-07
-15.7 4.43318e-07
-15.65 4.64999e-07
-15.6 4.87741e-07
-15.55 5.11596e-07
-15.5 5.36617e-07
-15.45 5.62861e-07
-15.4 5.9039e-07
-15.35 6.19264e-07
-15.3 6.49551e-07
-15.25 6.81319e-07
-15.2 7.14641e-07
-15.15 7.49592e-07
-15.1 7.86253e-07
-15.05 8.24707e-07
-15 8.65041e-07
-14.95 9.07348e-07
-14.9 9.51725e-07
-14.85 9.98271e-07
-14.8 1.04709e-06
-14.75 1.09831e-06
-14.7 1.15202e-06
-14.65 1.20836e-06
-14.6 1.26746e-06
-14.55 1.32945e-06
-14.5 1.39447e-06
-14.45 1.46267e-06
-14.4 1.53421e-06
-14.35 1.60924e-06
-14.3 1.68794e-06
-14.25 1.7705e-06
-14.2 1.85709e-06
-14.15 1.94791e-06
-14.1 2.04318e-06
-14.05 2.14311e-06
-14 2.24792e-06
-13.95 2.35786e-06
-13.9 2.47318e-06
-13.85 2.59414e-06
-13.8 2.72101e-06
-13.75 2.85409e-06
-13.7 2.99367e-06
-13.65 3.14009e-06
-13.6 3.29366e-06
-13.55 3.45475e-06
-13.5 3.62371e-06
-13.45 3.80093e-06
-13.4 3.98683e-06
-13.35 4.18181e-06
-13.3 4.38633e-06
-13.25 4.60086e-06
-13.2 4.82587e-06
-13.15 5.0619e-06
-13.1 5.30946e-06
-13.05 5.56913e-06
-13 5.8415e-06
-12.95 6.12719e-06
-12.9 6.42686e-06
-12.85 6.74117e-06
-12.8 7.07087e-06
-12.75 7.41668e-06
-12.7 7.77941e-06
-12.65 8.15988e-06
-12.6 8.55895e-06
-12.55 8.97755e-06
-12.5 9.41661e-06
-12.45 9.87715e-06
-12.4 1.03602e-05
-12.35 1.08669e-05
-12.3 1.13984e-05
-12.25 1.19558e-05
-12.2 1.25405e-05
-12.15 1.31538e-05
-12.1 1.37972e-05
-12.05 1.44719e-05
-12 1.51797e-05
-11.95 1.59221e-05
-11.9 1.67008e-05
-11.85 1.75175e-05
-11.8 1.83743e-05
-11.75 1.92729e-05
-11.7 2.02154e-05
-11.65 2.12041e-05
-11.6 2.22411e-05
-11.55 2.33288e-05
-11.5 2.44697e-05
-11.45 2.56664e-05
-11.4 2.69216e-05
-11.35 2.82382e-05
-11.3 2.96192e-05
-11.25 3.10678e-05
-11.2 3.25871e-05
-11.15 3.41808e-05
-11.1 3.58524e-05
-11.05 3.76057e-05
-11 3.94448e-05
-10.95 4.13738e-05
-10.9 4.33972e-05
-10.85 4.55194e-05
-10.8 4.77455e-05
-10.75 5.00804e-05
-10.7 5.25295e-05
-10.65 5.50983e-05
-10.6 5.77928e-05
-10.55 6.0619e-05
-10.5 6.35833e-05
-10.45 6.66927e-05
-10.4 6.9954e-05
-10.35 7.33749e-05
-10.3 7.69629e-05
-10.25 8.07265e-05
-10.2 8.4674e-05
-10.15 8.88145e-05
-10.1 9.31574e-05
-10.05 9.77127e-05
-10 0.000102491
-9.95 0.000107502
-9.9 0.000112759
-9.85 0.000118272
-9.8 0.000124055
-9.75 0.000130121
-9.7 0.000136483
-9.65 0.000143157
-9.6 0.000150156
-9.55 0.000157498
-9.5 0.000165198
-9.45 0.000173275
-9.4 0.000181746
-9.35 0.000190632
-9.3 0.000199951
-9.25 0.000209727
-9.2 0.000219979
-9.15 0.000230733
-9.1 0.000242012
-9.05 0.000253843
-9 0.000266251
-8.95 0.000279266
-8.9 0.000292916
-8.85 0.000307233
-8.8 0.000322249
-8.75 0.000337999
-8.7 0.000354518
-8.65 0.000371844
-8.6 0.000390015
-8.55 0.000409074
-8.5 0.000429064
-8.45 0.000450029
-8.4 0.000472018
-8.35 0.00049508
-8.3 0.000519267
-8.25 0.000544635
-8.2 0.00057124
-8.15 0.000599144
-8.1 0.000628409
-8.05 0.000659101
-8 0.000691289
-7.95 0.000725048
-7.9 0.000760452
-7.85 0.000797582
-7.8 0.000836521
-7.75 0.000877358
-7.7 0.000920185
-7.65 0.000965097
-7.6 0.0010122
-7.55 0.00106159
-7.5 0.00111339
-7.45 0.0011677
-7.4 0.00122466
-7.35 0.00128439
-7.3 0.00134703
-7.25 0.00141271
-7.2 0.00148158
-7.15 0.0015538
-7.1 0.00162952
-7.05 0.00170892
-7 0.00179218
-6.95 0.00187947
-6.9 0.00197099
-6.85 0.00206695
-6.8 0.00216756
-6.75 0.00227304
-6.7 0.00238362
-6.65 0.00249955
-6.6 0.00262109
-6.55 0.00274849
-6.5 0.00288205
-6.45 0.00302205
-6.4 0.0031688
-6.35 0.00332262
-6.3 0.00348384
-6.25 0.00365282
-6.2 0.00382991
-6.15 0.00401551
-6.1 0.00421002
-6.05 0.00441384
-6 0.00462741
-5.95 0.0048512
-5.9 0.00508568
-5.85 0.00533133
-5.8 0.00558869
-5.75 0.00585829
-5.7 0.0061407
-5.65 0.00643649
-5.6 0.0067463
-5.55 0.00707074
-5.5 0.00741049
-5.45 0.00776624
-5.4 0.0081387
-5.35 0.00852864
-5.3 0.00893682
-5.25 0.00936405
-5.2 0.00981118
-5.15 0.0102791
-5.1 0.0107686
-5.05 0.0112808
-5 0.0118165
-4.95 0.0123769
-4.9 0.0129628
-4.85 0.0135755
-4.8 0.0142159
-4.75 0.0148853
-4.7 0.0155848
-4.65 0.0163157
-4.6 0.0170791
-4.55 0.0178764
-4.5 0.0187088
-4.45 0.0195778
-4.4 0.0204846
-4.35 0.0214307
-4.3 0.0224175
-4.25 0.0234464
-4.2 0.0245189
-4.15 0.0256364
-4.1 0.0268004
-4.05 0.0280124
-4 0.0292739
-3.95 0.0305863
-3.9 0.0319511
-3.85 0.0333697
-3.8 0.0348435
-3.75 0.0363737
-3.7 0.0379617
-3.65 0.0396087
-3.6 0.0413157
-3.55 0.0430838
-3.5 0.0449138
-3.45 0.0468065
-3.4 0.0487624
-3.35 0.0507819
-3.3 0.052865
-3.25 0.0550118
-3.2 0.0572218
-3.15 0.0594943
-3.1 0.0618283
-3.05 0.0642224
-3 0.0666747
-2.95 0.0691829
-2.9 0.0717441
-2.85 0.074355
-2.8 0.0770115
-2.75 0.079709
-2.7 0.0824421
-2.65 0.0852046
-2.6 0.0879895
-2.55 0.0907891
-2.5 0.0935944
-2.45 0.0963958
-2.4 0.0991824
-2.35 0.101942
-2.3 0.104663
-2.25 0.107329
-2.2 0.109926
-2.15 0.112438
-2.1 0.114846
-2.05 0.117132
-2 0.119275
-1.95 0.121256
-1.9 0.123051
-1.85 0.124638
-1.8 0.125993
-1.75 0.127093
-1.7 0.127912
-1.65 0.128426
-1.6 0.128612
-1.55 0.128446
-1.5 0.127904
-1.45 0.126967
-1.4 0.125616
-1.35 0.123834
-1.3 0.121608
-1.25 0.118928
-1.2 0.115791
-1.15 0.112195
-1.1 0.108147
-1.05 0.103659
-0.999999 0.0987506
-0.949999 0.0934474
-0.899999 0.0877838
-0.849999 0.0818021
-0.799999 0.0755523
-0.749999 0.0690925
-0.699999 0.0624882
-0.649999 0.055812
-0.599999 0.0491424
-0.549999 0.0425631
-0.499999 0.0361611
-0.449999 0.0300256
-0.399999 0.0242459
-0.349999 0.0189096
-0.299999 0.0141004
-0.249999 0.00989586
-0.199999 0.00636576
-0.149999 0.00356986
-0.099999 0.00155629
-0.049999 0.000360154
1e-06 2.49083e-06
